20 20
184 844 987 138 921 273 558 323 910 958 528 86 844 634 467 715 760 539 741 759 
212 305 849 445 685 596 777 405 71 856 750 973 420 738 112 61 13 670 384 642 
630 913 728 194 267 914 909 29 454 651 507 667 675 358 831 361 673 610 766 463 
186 517 437 607 257 269 668 988 658 54 631 289 967 79 483 953 993 113 982 449 
764 491 835 160 568 667 521 960 996 8 424 184 525 580 510 501 849 179 209 509 
951 840 517 638 919 720 593 633 833 576 801 317 786 637 477 355 24 718 35 22 
726 459 924 970 759 435 473 328 614 682 556 286 243 75 924 881 514 237 234 67 
533 36 384 320 673 581 395 417 300 430 439 27 609 83 997 88 518 190 416 851 
592 973 138 554 767 782 436 282 20 671 68 553 426 452 874 819 752 988 237 771 
138 395 517 747 478 235 835 996 425 971 848 736 945 706 291 432 489 447 714 228 
837 782 782 264 953 376 84 426 365 40 198 503 435 716 970 913 951 525 910 96 
497 479 833 162 186 843 594 394 291 28 622 847 529 124 113 203 500 915 629 865 
956 546 89 392 263 778 26 933 304 936 31 802 135 583 683 40 427 997 434 438 
744 776 286 275 900 118 197 402 35 545 986 710 92 794 821 75 573 847 9 878 
504 40 400 639 623 802 680 770 800 833 209 265 329 495 540 231 333 456 352 87 
2 58 797 812 572 338 887 146 187 616 743 691 656 862 50 0 385 449 489 904 
284 698 170 332 912 429 282 246 885 634 333 606 412 849 420 984 189 27 849 95 
643 594 505 20 176 555 738 561 724 228 467 727 645 637 60 558 68 343 524 672 
977 576 280 109 427 419 94 335 165 944 149 809 258 373 548 153 647 287 715 372 
234 901 100 879 258 161 438 45 504 962 718 201 259 717 311 686 137 124 740 21 

787 608 830 764 981 98 918 629 385 353 3 338 973 103 218 232 264 657 278 487 
339 715 408 598 433 719 4 289 562 463 310 70 72 860 834 54 958 472 684 64 
544 406 402 518 509 340 751 493 997 748 699 56 464 108 374 897 546 378 187 828 
561 216 898 633 77 733 407 755 925 810 538 470 217 940 989 445 281 460 657 997 
209 77 773 392 185 148 290 451 245 196 280 525 131 179 160 927 631 286 683 557 
97 222 747 33 881 737 197 882 916 855 599 126 932 92 237 836 240 527 288 205 
442 568 730 292 466 609 220 99 895 903 375 711 844 123 463 446 579 661 329 496 
517 647 341 169 740 578 724 699 824 732 623 985 20 355 279 487 683 499 305 299 
123 399 729 686 523 194 133 821 855 181 319 92 829 379 979 570 958 704 988 502 
437 613 489 177 687 487 664 371 705 688 389 828 88 120 516 611 314 368 434 170 
550 472 980 380 851 960 669 529 384 658 33 822 272 241 718 959 728 383 51 153 
72 440 701 878 279 936 491 593 305 644 482 855 835 463 236 687 143 624 218 528 
284 969 70 275 211 788 236 658 172 6 811 962 165 513 841 445 450 52 757 475 
415 959 331 251 423 287 658 286 911 595 814 196 565 884 472 495 673 427 154 564 
152 684 246 317 917 806 762 87 578 240 562 712 200 894 683 342 182 342 628 812 
937 443 10 222 47 201 717 439 628 590 722 780 993 687 816 911 495 580 0 792 
539 281 505 739 894 189 82 77 250 711 890 906 873 619 129 921 539 565 80 886 
156 803 386 151 491 203 781 705 502 781 498 42 782 723 781 677 631 864 474 601 
295 84 508 169 703 638 91 243 922 890 130 80 694 516 949 904 438 731 611 941 
233 828 983 16 271 485 693 903 350 886 505 645 970 732 814 393 90 625 355 14 

516 204 812 929 439 762 834 878 213 446 820 446 994 523 181 266 9 594 888 78 
481 394 442 453 846 976 565 936 602 921 950 837 126 482 486 285 245 321 164 459 
487 703 624 482 227 806 748 955 120 638 752 601 751 196 773 317 173 59 255 494 
980 924 332 825 408 537 111 372 858 275 550 346 697 176 547 644 701 16 319 540 
373 72 142 125 268 635 162 441 694 417 654 394 342 705 220 469 243 51 842 103 
45 393 168 743 288 716 107 708 732 426 249 106 498 392 949 767 746 112 927 160 
529 583 554 591 289 493 779 533 544 622 355 309 735 523 53 24 240 160 733 691 
586 982 516 803 94 467 571 559 579 219 719 828 802 274 139 810 487 918 344 32 
261 418 60 996 942 113 739 901 991 192 594 297 176 111 102 988 297 392 549 596 
611 269 144 414 263 2 226 750 639 289 501 900 708 562 616 370 394 76 272 106 
268 585 403 444 416 224 153 432 617 702 29 229 690 891 363 953 893 308 423 534 
316 925 154 743 207 490 114 601 566 106 707 834 691 830 998 826 55 152 260 391 
854 8 340 545 900 703 219 794 730 642 48 47 287 203 791 494 693 624 815 978 
730 242 813 142 73 812 968 847 964 947 957 538 675 298 803 576 720 741 90 451 
103 139 218 391 61 728 604 473 353 139 452 803 382 266 945 174 798 633 740 482 
301 699 22 976 997 544 272 719 286 362 889 389 501 826 499 281 555 105 754 628 
962 207 151 345 193 815 520 991 168 979 193 469 679 215 165 678 478 437 117 483 
800 725 873 21 553 92 303 109 915 776 456 879 984 607 225 896 423 464 607 592 
445 800 780 843 735 946 241 214 103 358 698 622 85 291 363 638 383 385 466 300 
162 923 898 865 250 124 762 674 308 370 985 472 172 766 316 626 432 558 840 255 

635 258 877 439 549 241 78 652 345 264 671 508 906 570 374 157 413 856 550 721 
945 536 912 836 23 230 463 174 507 305 429 143 563 27 583 832 268 380 485 333 
363 157 841 270 727 934 147 141 791 697 582 738 953 495 575 695 444 40 869 951 
64 19 814 346 46 117 179 33 216 664 366 299 821 208 288 268 144 435 129 654 
852 711 112 525 925 407 221 371 166 809 42 230 828 575 576 874 411 475 908 628 
140 275 927 681 203 934 668 66 371 797 439 942 228 552 468 155 959 408 526 844 
218 287 75 766 863 370 360 275 845 987 622 705 264 269 106 186 205 774 970 295 
292 410 238 520 962 706 675 641 833 920 205 770 209 280 537 791 370 898 785 934 
605 128 359 588 397 465 774 321 959 745 616 970 157 573 210 838 998 886 200 832 
526 405 604 454 405 860 964 494 478 751 148 85 879 508 673 995 692 449 37 371 
913 372 342 789 946 553 348 945 159 267 498 685 391 103 859 515 682 824 10 162 
576 159 247 175 386 920 890 79 89 646 451 722 19 512 231 684 784 579 350 943 
846 848 349 239 670 209 473 353 34 484 234 330 362 481 224 748 122 833 827 929 
480 997 652 219 511 884 903 296 183 972 241 31 540 309 988 929 518 462 3 271 
665 237 320 28 438 545 776 560 379 324 490 579 322 862 798 552 466 421 849 649 
114 809 399 654 119 107 304 356 289 307 346 954 544 667 702 982 931 198 262 30 
241 472 609 564 335 127 117 801 268 685 170 382 214 570 755 52 396 60 408 685 
367 474 360 631 142 781 333 792 979 596 822 222 69 152 505 123 279 341 643 547 
746 813 648 960 103 405 14 500 184 141 904 271 615 265 621 476 47 954 269 746 
270 811 687 58 963 193 181 961 253 824 510 0 358 877 961 461 2 694 680 187 

835 586 177 171 851 798 366 618 472 355 365 743 167 53 801 131 964 983 93 936 
527 322 937 885 919 618 67 921 32 747 827 586 334 5 757 905 522 125 243 995 
480 327 739 366 99 260 497 64 244 309 1 491 351 657 377 271 994 444 911 27 
911 740 614 964 464 372 589 987 216 832 702 415 160 442 781 977 702 997 42 666 
27 762 158 378 139 254 368 135 699 280 162 330 21 776 295 205 868 885 911 803 
437 614 938 317 775 720 295 478 438 57 863 465 538 22 562 677 995 930 812 695 
929 694 744 670 190 40 875 59 644 787 582 83 402 521 400 178 960 414 375 399 
471 958 583 10 699 864 407 695 514 220 110 445 633 854 116 824 895 991 883 540 
498 466 342 900 706 461 797 668 876 891 786 67 850 371 78 551 954 485 247 470 
424 358 915 59 931 32 883 827 24 486 88 522 672 149 142 379 611 658 48 207 
550 554 274 121 644 71 391 599 556 357 70 700 434 985 478 367 736 362 195 479 
567 2 720 240 152 862 339 482 240 106 689 510 660 963 631 305 36 23 905 311 
99 694 12 534 400 209 901 137 290 97 617 858 818 338 817 689 920 157 172 879 
264 861 390 924 544 740 231 580 482 855 611 582 550 342 117 950 552 19 89 842 
834 425 420 653 482 239 62 403 396 234 284 660 814 393 305 360 135 255 659 617 
111 989 200 661 333 317 332 604 336 140 447 890 565 587 544 48 826 607 171 223 
560 174 603 376 567 627 455 702 882 833 40 993 824 240 374 876 277 706 481 332 
846 647 223 131 235 487 898 780 813 70 723 374 962 46 469 530 673 643 952 556 
478 992 550 22 951 643 617 229 351 817 562 916 184 785 767 139 273 666 919 87 
455 643 181 418 689 650 948 82 14 620 638 211 332 907 951 285 552 569 514 622 

387 795 258 290 301 26 429 293 411 350 100 866 712 281 285 122 650 953 204 664 
574 562 594 626 470 546 911 741 116 145 364 222 941 342 513 243 368 661 255 499 
12 355 366 725 355 371 566 7 325 770 390 618 333 985 245 523 251 875 265 368 
22 349 309 963 691 541 925 778 204 899 278 934 256 364 379 611 735 945 337 779 
436 447 398 769 152 363 12 403 239 278 490 261 346 519 943 756 61 588 535 983 
489 533 919 464 897 299 794 633 246 851 413 682 18 530 171 170 893 902 292 852 
899 502 832 246 22 496 3 801 803 257 786 12 790 706 476 407 6 990 41 970 
842 173 372 860 704 544 749 317 166 760 888 66 981 441 312 4 937 34 806 460 
291 593 473 801 300 668 209 25 659 969 996 221 143 369 800 566 632 269 603 798 
31 211 583 13 652 895 736 309 648 543 770 940 855 244 742 874 912 670 618 292 
640 615 513 784 704 315 70 56 584 392 574 334 604 158 67 257 773 803 567 422 
66 57 82 640 20 543 515 932 215 134 943 855 469 458 359 892 492 149 667 77 
541 960 131 146 838 198 123 612 720 409 753 786 466 555 427 486 99 661 138 33 
514 83 608 983 260 686 595 752 835 264 548 378 225 679 243 64 596 366 395 317 
775 868 822 960 424 250 447 242 630 305 994 146 107 603 848 367 290 445 838 127 
709 106 224 653 505 467 437 102 553 551 139 48 420 961 10 563 931 176 806 562 
481 801 708 307 124 277 393 414 722 232 260 151 58 203 804 563 671 960 665 943 
513 523 991 933 486 2 217 418 179 742 980 379 263 409 406 387 405 799 520 128 
751 781 279 809 984 802 92 375 483 476 319 996 1 312 649 487 33 866 905 930 
609 605 311 872 733 717 978 139 236 500 985 987 282 983 516 985 506 608 81 989 